Isotope,Spin,b+,b+_unc,b-,b-_unc,A,+LHS,-LHS,Solution+,Solution-,V+,V-,V0,Vs
1H1,0.5,10.817,0.005,-47.42,0.014,1,-7.320769231,37.47692308,1.65323,1.55362,67.017314494708,59.184784759888004,65.059182061003,7.83252973482
1H2,1.0,9.53,0.03,0.975,0.06,2,-4.818435394,0.4047246055,1.69279,4.17836,33.19718319592917,202.25849718800356,89.55095452662064,-112.70754266138293
1H3,0.5,4.18,0.15,6.56,0.37,3,-1.229423174,-2.498807661,1.96353,1.79067,30.29866214864523,25.19877830810094,29.023691188509158,5.09988384054429
2He3,0.5,4.7,0.5,8.8,1.4,3,-1.506767684,-3.693522473,1.90589,1.72636,28.54591925678998,23.421305552636372,27.26476583075158,5.124613704153607
2He4,0.0,3.26,0.03,0.0,0.0,4,-0.5797471626,1.0,2.22931,0.0,30.225123489915276,0.0,30.225123489915276,0.0
3Li6,1.0,0.67,0.14,4.67,0.17,6,0.7163729158,-0.9769231093,0.7163729158,2.03654,2.22304408600712,17.966175953042175,7.470754708352139,-10.495421244690037
3Li7,1.5,-4.15,0.06,1.0,0.08,7,2.668804252,0.5978784934,1.28761,4.34492,6.3482263823736265,72.2848514421016,31.074460779771613,-32.96831252986399
4Be9,1.5,7.79,0.01,0.0,0.0,9,-1.880801065,1.0,4.8222,0.0,73.2110651067792,0.0,45.756915691737,36.6055325533896
5B10,3.0,-4.2,0.4,5.2,0.4,10,2.499590239,-0.8566355334,1.26434,2.08184,4.644556438430125,12.592477574345548,8.050808353822449,-2.2708346102615495
5B11,1.5,5.6,0.3,8.3,0.3,11,-0.9369293484,-1.870805999,4.92577,4.82277,65.60931442965595,62.89416307766913,64.59113267266089,1.357575675993413
6C12,0.0,6.6535,0.0014,0.0,0.0,12,-1.235526009,1.0,4.87685,0.0,60.26667178837739,0.0,60.26667178837739,0.0
6C13,0.5,5.6,0.5,6.2,0.5,13,-0.8320200566,-1.02830792,4.95056,4.908,58.52681746162965,57.52483214977294,58.27632113366547,1.001985311856707
7N14,1.0,10.7,0.2,6.2,0.3,14,-2.415055349,-0.978817118,4.79847,4.91724,52.0683606512141,54.67781459561923,52.93817863268248,-1.7396359629367548
7N15,0.5,6.77,0.1,6.21,0.1,15,-1.11161577,-0.9369474047,4.89417,4.92577,51.50109412394004,52.16829141032789,51.667893445537004,-0.6671972863878466
8O16,0.0,5.805,0.005,0.0,0.0,16,-0.772089059,1.0,4.96745,0.0,50.62205398108176,0.0,50.62205398108176,0.0
8O17,2.5,5.52,0.2,5.17,0.2,17,-0.6513764426,-0.546669603,5.00975,5.05933,49.27729738098617,50.257489230188824,49.68571065148728,-0.3267306164008848
8O18,0.0,5.84,0.07,0.0,0.0,18,-0.7141361991,1.0,4.98617,0.0,46.844368865593154,0.0,46.844368865593154,0.0
9F19,0.5,5.632,0.01,5.767,0.01,19,-0.6235590674,-0.662476055,5.02152,5.00529,45.701963359192696,45.40701514597879,45.62822630588922,0.29494821321390674
10Ne20,0.0,4.631,0.006,0.0,0.0,20,-0.3123653746,1.0,5.2592,0.0,48.3243267602523,0.0,48.3243267602523,0.0
10Ne21,1.5,6.66,0.19,0.0,0.0,21,-0.8569110985,1.0,4.94418,0.0,41.24799788630815,0.0,25.779998678942594,20.623998943154074
10Ne22,0.0,3.87,0.01,0.0,0.0,22,-0.06241302338,1.0,5.92878,0.0,57.382285501872055,0.0,57.382285501872055,0.0
11Na23,1.5,6.42,0.04,-1.0,0.06,23,-0.7365304262,1.270487605,2.13683,0.78241,7.2226282661205845,0.9683315977821163,4.8772670154936595,3.127148334169234
12Mg24,0.0,5.49,0.18,0.0,0.0,24,-0.4640589985,1.0,5.11137,0.0,40.10080109526651,0.0,40.10080109526651,0.0
12Mg25,2.5,4.73,0.3,1.76,0.2,25,-0.2443363427,0.5369911283,2.57926,4.30404,9.920968020586601,27.62589783365956,17.298022109367,-5.901643271024319
12Mg26,0.0,4.89,0.15,0.0,0.0,26,-0.2697193092,1.0,5.32095,0.0,41.0717943678554,0.0,41.0717943678554,0.0
13Al27,2.5,3.67,0.02,3.15,0.02,27,0.05897435897,0.1923076923,3.33584,3.76874,15.720003989310158,20.064788311437567,17.53033079019658,-1.4482614407091365
14Si28,0.0,4.106,0.006,0.0,0.0,28,-0.04013469314,1.0,6.04516,0.0,50.323868157546826,0.0,50.323868157546826,0.0
14Si29,0.5,4.5,0.15,4.7,0.4,29,-0.1266866856,-0.1767616494,5.66102,5.5109,43.059710619509055,40.80625971156092,42.496347892522024,2.2534509079481353
14Si30,0.0,4.58,0.08,0.0,0.0,30,-0.1338311235,1.0,5.63688,0.0,41.69279258301662,0.0,41.69279258301662,0.0
15P31,0.5,5.13,0.01,0.0,0.0,31,-0.2561845516,1.0,5.34331,0.0,36.61494345120406,0.0,27.46120758840305,36.61494345120406
16S32,0.0,2.804,0.002,0.0,0.0,32,0.3206118031,1.0,4.05696,0.0,20.64536495144548,0.0,20.64536495144548,0.0
16S33,1.5,4.74,0.19,0.0,0.0,33,-0.1367466318,1.0,5.62731,0.0,38.87894768820773,0.0,24.299342305129834,19.439473844103865
16S34,0.0,3.48,0.03,0.0,0.0,34,0.17369017,1.0,3.71458,0.0,16.592548087228923,0.0,16.592548087228923,0.0
17Cl35,1.5,16.3,0.2,4.0,0.3,35,-2.833141963,0.05935166544,7.89864,9.9586,73.52768132554576,116.88070104539702,89.78506372048997,-21.67650985992563
17Cl37,1.5,3.1,0.07,3.05,0.07,37,0.284376764,0.2959190742,3.98999,4.01244,18.052948413123563,18.256672676394146,18.12934501185003,-0.10186213163529168
18Ar36,0.0,24.9,0.07,0.0,0.0,36,-4.800808046,1.0,7.88041,0.0,71.77154906903361,0.0,71.77154906903361,0.0
18Ar38,0.0,0.0,0.0,0.0,0.0,38,1.0,1.0,0.0,0.0,0.0,0.0,0.0,0.0
18Ar40,0.0,1.7,0.0,0.0,0.0,40,0.6176284496,1.0,4.35656,0.0,20.39209006863857,0.0,20.39209006863857,0.0
19K39,1.5,5.15,0.0,1.51,0.0,39,-0.1681779589,0.6574856859,2.71347,4.37803,8.050561374773734,20.95721567680423,12.890556738035169,-6.453327151015247
19K40,4.0,0.0,0.0,0.0,0.0,40,1.0,1.0,0.0,0.0,0.0,0.0,0.0,-0.0
19K41,1.5,2.69,0.08,0.0,0.0,41,0.3999128753,1.0,4.17249,0.0,18.388964527740963,0.0,11.493102829838103,9.194482263870482
20Ca40,0.0,4.78,0.05,0.0,0.0,40,-0.0751388299,1.0,5.86792,0.0,36.99497259251969,0.0,36.99497259251969,0.0
20Ca42,0.0,3.36,0.1,0.0,0.0,42,0.2564454624,1.0,3.93102,0.0,16.05291656924661,0.0,16.05291656924661,0.0
20Ca43,3.5,-1.56,0.09,0.0,0.0,43,1.342524594,1.0,0.85293,0.0,0.7435710981267297,0.0,0.4182587426962855,0.18589277453168243
20Ca44,0.0,1.42,0.06,0.0,0.0,44,0.6905949248,1.0,4.39405,0.0,19.424291135043966,0.0,19.424291135043966,0.0
20Ca46,0.0,3.55,0.21,0.0,0.0,46,0.2378641511,1.0,3.88794,0.0,14.74906139952115,0.0,14.74906139952115,0.0
20Ca48,0.0,0.39,0.09,0.0,0.0,48,0.9174518188,1.0,4.47339,0.0,18.962314547815343,0.0,18.962314547815343,0.0
