0.5 10.817 0.005 -47.42    0.014   0    1
  1    9.53   0.03 0.975    0.06   1    2
0.5    4.18   0.15  6.56    0.37   1    3
0.5     4.7    0.5   8.8     1.4   1    3
  0    3.26   0.03     0       0   1    4
  1    0.67   0.14  4.67    0.17   1    6
1.5 -4.15     0.06     1    0.08   0    7
1.5    7.79   0.01     0       0   2    9
  3    -4.2    0.4   5.2     0.4   0   10
1.5     5.6    0.3   8.3     0.3   2   11
  0 6.6535 0.0014      0       0   2   12
0.5     5.6    0.5   6.2     0.5   2   13
  1    10.7    0.2   6.2     0.3   2   14
0.5    6.77    0.1  6.21     0.1   2   15